# mu_T, mu_HR, sigma_T, sigma_HR, rho (tot cluster 2, number 0 step 15)
4.011744763072989661e-01 4.643241849602654514e-01 1.778671384659100241e+00 6.948684737057666538e-01 -2.108969807271626473e-01
3.755977850062605095e-01 4.373991373904745905e-01 1.766320155807715953e+00 6.776742150651891006e-01 -2.363965577578071298e-01
4.923041996807133724e-01 4.140069216339170022e-01 1.839059326080445977e+00 6.914625964847485040e-01 -2.733680010779930281e-01
4.856944376477377867e-01 4.467246779247425192e-01 1.826010921324047187e+00 6.911857842694218990e-01 -2.571734963064642998e-01
3.440750907186425067e-01 4.094506598326913549e-01 1.830787778937113197e+00 6.767454571723710011e-01 -3.068674867233701087e-01
4.925592428987732307e-01 4.516184598851613052e-01 1.732835262677605348e+00 6.699642615233333265e-01 -2.355764111948422945e-01
3.792985743381662167e-01 4.426285128677944769e-01 1.810969463415828651e+00 6.905658742988315391e-01 -2.853166088127265798e-01
4.707631838276286063e-01 4.244900808473886511e-01 1.805840145406432784e+00 6.834470677383427395e-01 -3.223410939407555520e-01
3.562709701220915792e-01 4.244453149921312285e-01 1.857479029530721526e+00 6.874364506397325769e-01 -2.566492820846775769e-01
4.011212131871131348e-01 4.119482332202553665e-01 1.726989707911163574e+00 6.678892369964670728e-01 -2.731881446837987060e-01
3.260503559603157853e-01 4.479370899429658825e-01 1.807969910948161285e+00 6.951107790659039054e-01 -2.387274692852272839e-01
4.493676373673409774e-01 4.072905500358067754e-01 1.781102761192289163e+00 7.183490020674404564e-01 -2.602933252181557910e-01
4.443722245210358635e-01 4.601998151954368454e-01 1.761084604670505538e+00 6.606031821585421904e-01 -2.571114491194438356e-01
4.281194495893833607e-01 4.474363972490967845e-01 1.792185315976514870e+00 6.958541323154310287e-01 -2.981877084940660061e-01
4.889449737475530799e-01 4.438297821836546531e-01 1.729301820272037826e+00 6.795666604790574494e-01 -2.541341440477564717e-01
4.820163718357871052e-01 4.402400902686426920e-01 1.854814192342874479e+00 6.757199925029442333e-01 -2.141509753003157657e-01
4.413261167202035540e-01 4.832026746612876900e-01 1.747913998380194123e+00 6.935575407320936359e-01 -2.505395161921472602e-01
4.717524513960660304e-01 4.003322555995448839e-01 1.802411536828450123e+00 6.915899613583824657e-01 -2.639210393086480755e-01
4.557694014259249249e-01 4.333852309125988955e-01 1.817975105154157944e+00 6.947294850169629665e-01 -2.436966574885457149e-01
5.110142941798671012e-01 4.280502898639938492e-01 1.754073154636420995e+00 6.905851186477053316e-01 -2.755842197062132182e-01
5.137335704326096986e-01 4.136899627201034435e-01 1.804899352312901328e+00 7.107981159581293618e-01 -2.790529588813284168e-01
3.678922600699339740e-01 4.146972338851476758e-01 1.746371367097639737e+00 6.659002956859478850e-01 -2.386514722144897349e-01
4.057181579043174224e-01 4.571722083802717274e-01 1.796799849391528703e+00 6.860514538659817640e-01 -3.146895304618575473e-01
4.088440543920362491e-01 4.722952224144831845e-01 1.824305342325164725e+00 6.616758222327382422e-01 -2.883024208475372663e-01
4.526636512562920989e-01 3.814452818043219673e-01 1.771137613328907845e+00 6.647063815849293400e-01 -2.783883857096273173e-01
3.858740371066189390e-01 4.186673951935581672e-01 1.727988440256068126e+00 6.866425463943249818e-01 -2.591757698910706620e-01
3.948818381789979126e-01 4.697846375097666782e-01 1.824484961310997244e+00 6.677380010031677138e-01 -2.628008159878890693e-01
3.627518414437674865e-01 4.336608814560907743e-01 1.813330381242601375e+00 6.690848746159498983e-01 -2.334815541806859740e-01
4.604362085818060613e-01 4.305444455136949178e-01 1.847596712984783451e+00 6.696096599101157842e-01 -2.867250701762038001e-01
5.398336409048317686e-01 4.207810256271879989e-01 1.747383199502740903e+00 6.551466461097649185e-01 -2.787147428060635646e-01
3.610951921866381586e-01 4.055833413247579289e-01 1.735418006242286371e+00 6.661478034582863916e-01 -2.744294953452736663e-01
5.177244715301100308e-01 4.208237339547151734e-01 1.836853791168778560e+00 6.722973521875343916e-01 -2.570428775128168475e-01
5.257456975772721863e-01 4.397686173497127315e-01 1.771029180913977985e+00 6.789330814871168407e-01 -1.857114791279420030e-01
4.319430528315046924e-01 4.438842529186202146e-01 1.830155323021396496e+00 6.910947181757008950e-01 -3.079210281204177724e-01
4.049565753225832787e-01 4.507828681254472114e-01 1.779367899990605739e+00 6.726754998235069394e-01 -2.183327899238130254e-01
3.729164210796467316e-01 4.912388183762087523e-01 1.816206386526135308e+00 7.138366391917564391e-01 -3.092499102866591021e-01
4.654984943617805904e-01 4.311397588836988759e-01 1.736714914750727257e+00 6.594993800070828582e-01 -2.509703411994123057e-01
5.253784113271184886e-01 4.189117590269187397e-01 1.835784045404936338e+00 6.831553294226632156e-01 -3.003736514742832986e-01
3.846035568362599077e-01 4.145250943287338563e-01 1.727765417866807818e+00 6.805831282677803351e-01 -2.877551226892275937e-01
3.996423569256283836e-01 4.304260294222951866e-01 1.812276297845232698e+00 6.806522610039215104e-01 -3.026966922439930374e-01
5.449367388642614163e-01 4.041230430172376709e-01 1.823872671786447519e+00 7.047224810668059058e-01 -3.258699079472995308e-01
4.679562143696602838e-01 4.431896619469350984e-01 1.749014657479584178e+00 6.744558459176067666e-01 -2.855079794055074838e-01
4.395630365412900309e-01 4.242459317552137454e-01 1.717282415509379101e+00 6.620563978024494034e-01 -2.466635245440793045e-01
3.427022801572469080e-01 5.101736139961237093e-01 1.711592504079364252e+00 6.695978696867622704e-01 -2.049360783602792169e-01
3.648758717002371088e-01 4.293025632924347135e-01 1.859382872693344124e+00 6.796369951814629218e-01 -2.585337760611432500e-01
4.615940149433859774e-01 4.052732174511751162e-01 1.794605476009742073e+00 7.065878709625522669e-01 -2.333126159468630334e-01
3.923623125369871678e-01 4.867864239012815730e-01 1.748064132193353437e+00 6.939649005924499736e-01 -2.458042818841384702e-01
4.595527200997095996e-01 4.156675826416877939e-01 1.841614039960478566e+00 6.773540464437055597e-01 -2.024021078577820099e-01
5.499095205942202691e-01 4.038330458077048490e-01 1.747054607727087872e+00 6.835573075036911472e-01 -2.815982790474610420e-01
4.720637376531092722e-01 4.369424727450360035e-01 1.850102286698305010e+00 6.524767899467055488e-01 -2.724840398777159667e-01
